94.036083
88.862444
92.865376
99.743538
93.032348
98.766464
94.747849
100.011231
101.178479
101.438329
94.750010
94.980821
102.562285
90.763800
93.242087
97.295851
97.531306
95.645746
93.268425
94.105178
94.794380
97.129619
97.192259
97.665499
95.745765
93.932532
93.487909
90.332119
97.290392
94.055920
100.465446
99.364556
99.483360
98.346924
94.940336
85.910768
98.205755
95.383163
94.210611
93.041816
93.497327
99.795190
94.268530
97.225104
98.862973
0
93.278900
97.271039
96.555707
99.013647
97.893480
95.642676
99.983378
98.636908
94.954306
96.252282
98.466421
97.806814
93.428762
102.866179
94.580208
96.820619
97.848385
99.944744
92.735872
98.907035
90.651910
100.651069
98.068894
0
97.275656
95.912126
97.507180
67.656239
99.304233
99.505046
95.257088
92.233671
95.326938
101.610703
100.180957
96.134633
99.090764
96.124388
89.579603
97.689203
93.095081
88.510483
99.199719
91.946588
98.703685
101.032455
96.048427
96.462699
88.255178
90.818980
96.389764
90.711253
93.378403
96.216664
96.568379
95.346712
96.332515
89.666503
92.852478
97.766818
94.846083
95.733746
94.279618
95.542000
89.853015
98.575081
101.552706
88.794409
94.213223
97.006215
93.265786
93.901900
98.751797
101.217941
97.221877
98.859067
86.415615
91.189458
93.874232
90.283955
100.340012
99.188897
91.665153
95.357364
94.917323
84.873477
95.615472
96.348008
97.002416
98.069735
95.928410
94.040376
95.978471
99.062363
91.115677
94.745717
99.346910
91.636761
98.309312
97.395619
97.273930
84.681177
86.864310
100.289746
92.300120
93.658391
99.003834
93.573553
97.083618
92.560726
96.505342
97.590478
97.163734
101.284492
97.082850
97.598108
94.144491
99.429588
95.001050
99.635664
97.405796
99.166730
94.810337
96.530361
97.722377
95.727732
95.300001
89.746349
94.293083
93.551472
99.612069
98.543413
95.042632
86.909096
96.377208
92.200238
100.849363
97.435587
94.044736
93.823470
95.676231
94.604259
96.828299
93.995769
90.901864
93.858843
101.446373
98.677952
99.430326
89.594337
96.922454
97.843557
101.550954
96.411743
99.462515
98.764593
97.695670
90.036853
100.284333
97.370308
97.996933
98.283583
98.475910
91.115504
95.208325
78.914058
97.928362
99.166343
98.663625
92.567048
96.367486
93.069034
97.670074
97.037064
95.036833
95.250172
92.779131
98.001434
94.976497
99.558030
94.977721
95.768096
93.872332
93.691889
101.414785
94.470004
94.263071
97.889421
94.630605
91.746148
90.397207
96.143319
78.753518
96.666660
95.791803
100.910823
94.419001
91.352097
101.409887
93.171635
100.774060
100.409942
97.493847
98.346662
98.245998
90.589801
97.176886
88.439705
91.653377
96.473872
95.145117
96.284353
97.171182
99.381290
97.592098
99.050510
99.730489
97.988728
90.318945
99.853745
97.182726
99.807554
89.357855
99.064750
98.439993
92.577253
95.802032
97.964178
99.165653
97.733582
90.389656
98.232732
95.928706
95.715077
93.891023
96.270830
95.489979
93.703204
95.041438
102.729564
97.015625
97.877187
16.660024
99.512891
98.287226
96.501525
94.857400
95.710005
93.683377
95.589529
99.750215
94.994749
96.613985
101.595248
94.577995
95.126679
87.486948
93.008012
97.597634
97.160825
97.137754
98.353805
98.363044
95.553203
91.570676
93.221699
97.848477
95.014860
99.274384
98.404018
90.574222
99.127807
100.526669
95.827601
98.991246
93.684712
87.377064
96.815200
96.793908
94.304307
94.811704
99.370554
103.042829
94.677531
97.120364
94.676697
95.721728
93.949448
98.832082
88.462159
92.550938
98.730528
95.890316
88.420319
95.461239
81.346235
92.497278
99.352985
99.676725
96.935041
98.536024
97.786381
98.778906
93.080066
98.544902
94.782881
93.801119
99.123020
93.742301
91.180160
98.512466
96.349862
97.231932
90.152830
98.395898
98.458513
93.834660
97.369411
90.900419
87.313890
101.875908
90.861127
88.194425
96.044137
95.986856
99.332565
95.369829
95.940787
99.140305
101.535435
95.679401
92.299978
94.211588
94.248877
100.058363
93.968889
91.873854
94.809436
101.092222
90.060689
94.229321
99.439862
99.992926
84.856106
97.436262
97.936395
95.458569
95.552421
101.504985
94.411621
97.295540
88.581230
95.555306
91.364799
99.273524
97.169455
93.739354
101.376770
92.017582
98.487177
91.050083
97.266800
97.011979
94.193191
96.647729
98.558966
95.814824
100.110411
93.987892
94.908435
98.547998
97.690888
100.069368
92.956006
97.246780
94.407515
93.407724
93.172872
87.116261
100.326707
98.887242
99.067370
89.943223
78.246117
99.637550
97.883372
91.812507
92.348193
92.536427
98.677199
94.964673
95.291274
94.141479
97.147260
79.318244
97.544360
97.517908
102.157420
95.643885
97.010615
92.736406
95.359058
93.943930
91.543150
91.748132
100.038111
97.089382
97.590892
98.862228
93.436775
94.969221
95.753348
97.271542
95.991443
96.408146
95.720587
97.471795
98.498393
96.804519
85.750825
92.697332
92.985561
96.195200
96.003522
95.489978
97.566876
98.566346
94.917986
82.108785
99.761436
89.187981
102.951771
91.493356
96.468305
100.175250
96.123865
97.189514
94.569750
16.660024
95.827120
99.026529
101.284756
93.701811
98.889015
96.166502
99.959596
95.871549
82.966695
98.175430
85.450024
94.732711
94.655725
100.326661
93.490418
82.898443
92.426863
96.372303
98.290688
103.150152
91.448369
96.934887
94.840157
98.541218
97.544296
96.465104
93.681418
84.465935
78.712301
98.832522
98.566566
92.206154
88.130240
100.757100
97.480347
96.804413
95.343371
96.283833
94.951928
83.596587
94.971066
98.648735
101.706977
95.520656
97.189096
96.567485
100.390444
94.016612
95.698268
94.887647
89.193438
96.295515
92.846864
87.276768
97.772124
86.985590
98.332459
92.495722
101.166191
96.235499
93.640776
96.502720
92.537536
97.729100
97.909629
96.948825
96.676859
95.316485
95.826244
91.231812
97.250206
96.405223
85.816701
94.635488
94.189314
95.368119
97.484278
94.817111
99.866174
96.373006
90.356014
98.464709
97.459292
93.320140
96.612769
97.803886
97.121894
98.130028
96.537015
0
97.641518
86.827654
95.365716
93.297074
95.340474
99.876002
91.115158
90.431838
96.834854
89.800665
96.839568
97.571617
95.704635
90.516538
91.385952
95.734197
94.900050
84.283699
98.544931
97.424622
97.365249
98.518083
96.541964
96.312535
90.220298
93.944210
95.063456
88.632786
91.931765
90.525552
95.079452
98.164708
97.805052
95.198163
97.618618
93.570361
93.356618
98.148341
98.433205
100.674542
95.817718
95.775721
94.776929
96.445864
100.822311
99.042958
96.238905
96.879640
87.336457
94.622661
97.463361
98.690391
99.667598
95.917075
95.938859
94.656888
96.288905
96.457526
102.827956
90.322385
95.241996
101.690152
98.642788
91.082687
99.540258
97.766818
99.336704
100.370243
102.197171
97.455956
99.166687
97.221877
93.874232
95.206671
95.266254
94.131781
98.146374
97.540956
97.167608
97.065734
94.822731
98.081858
98.072184
99.694149
99.030530
98.276257
96.410294
99.914270
96.743365
95.188977
96.323706
101.903719
101.284492
101.297136
97.765050
94.507384
95.209850
98.059350
97.695670
95.324346
101.199261
88.702355
100.238202
99.186373
98.548838
88.853233
103.216237
100.475162
98.326178
95.665477
100.676725
97.807659
98.181026
95.915921
97.373508
94.658761
100.689447
90.798154
96.355692
96.602144
97.595967
99.834428
95.612664
99.167346
89.339672
103.195924
98.881143
98.231255
99.914489
100.547071
95.665848
91.762477
98.740764
90.073749
95.715077
93.242372
96.710833
101.037842
97.538558
99.511010
96.365962
90.123214
94.269689
99.769832
99.169266
100.462976
101.816783
95.283574
99.108579
99.830231
98.715570
90.961624
99.511380
96.693735
98.833225
100.002121
99.389095
99.372096
100.778905
99.676725
99.556100
90.141867
99.967521
100.763924
94.559338
98.395898
90.315646
92.099816
97.501294
102.079049
100.627073
99.561834
99.858978
91.116327
98.304396
95.054762
91.152064
96.455078
93.768293
98.527920
96.864034
100.326707
99.187369
92.199726
87.260599
99.227134
94.823972
100.259497
102.287509
98.498393
92.742287
97.245964
93.077111
100.977898
96.003522
82.832868
98.566346
97.061506
96.049290
99.760169
102.422116
93.403838
95.151671
99.983563
92.737383
95.807846
96.256600
91.223335
87.769595
95.539436
93.819866
97.580662
98.370422
97.269240
96.224553
97.494402
88.071899
97.735581
81.656032
76.587076
91.490497
98.464709
97.390718
95.821629
91.980420
98.154807
97.136129
95.373815
99.620909
98.745492
96.594574
98.152206
93.701993
94.777845
93.380287
97.292987
94.416173
90.525552
96.845471
94.312603
89.106662
95.501752
97.401250
95.079043
87.849302
96.352430
84.881471
93.335058
98.117724
98.210335
94.170973
99.428371
92.303715
88.333675
96.937339
94.787705
86.882298
88.833381
87.937058
87.036129
86.098261
89.236935
98.406618
86.406450
85.102026
90.972508
83.689334
98.311802
83.826647
89.790609
88.061486
91.643516
93.146696
91.388009
88.344090
94.617183
89.411088
89.301806
93.024591
88.381034
97.621958
91.296121
87.435082
93.553367
96.794239
93.630156
90.123928
90.330922
93.998715
88.791499
94.409358
92.413948
87.210070
90.540036
88.239708
92.719304
92.496755
93.653749
89.510474
94.416503
93.575664
91.979465
95.709013
94.549629
96.408059
96.490583
92.058015
95.504099
97.377061
96.614229
96.080913
93.156109
93.084488
81.490283
88.016372
95.979021
90.918942
91.489085
93.516223
95.981633
95.556085
93.268296
90.247610
96.423996
84.762291
92.527411
95.463115
88.915420
94.752777
98.118993
99.501934
85.333421
97.480422
91.640011
94.429191
95.734166
94.801614
95.373821
95.448558
89.357199
94.778099
96.957304
93.223909
92.699877
96.931168
94.654481
93.057386
102.764197
103.157471
97.186334
90.827605
87.594679
97.636016
94.531265
96.249958
99.993955
96.369781
92.743648
95.723523
93.912585
86.113859
94.997969
98.041939
97.022142
95.479489
95.456879
97.531306
86.699821
94.709099
94.922167
82.572137
98.505002
99.276776
97.253958
95.066254
92.513550
94.111122
91.576423
96.480319
93.830594
87.541208
95.123601
98.248457
103.073838
96.498075
96.445864
95.783939
97.290392
96.601058
94.867528
90.710863
97.618170
91.609022
97.567225
93.863388
92.061374
96.883708
99.578903
98.196774
100.221692
93.382230
93.041816
93.242556
97.671194
98.318294
102.082176
95.656501
84.243254
99.021771
97.445971
97.358484
81.842989
94.242537
90.356398
98.281384
81.590916
98.299723
102.838322
95.491573
96.592927
100.180957
96.372044
85.033566
92.757025
94.117977
94.659315
97.321607
94.052719
94.115786
88.254149
94.917323
97.196729
16.660024
91.526756
91.449235
92.358477
91.749273
95.487693
87.186333
83.457615
83.736379
63.978285
91.109994
100.301161
74.876174
95.612382
90.423119
94.214522
98.543413
89.229854
95.398668
86.262829
72.152331
95.840335
89.861627
97.169983
85.058893
16.660024
96.480054
98.302086
88.165401
93.973320
16.660024
85.753394
97.933660
93.598247
67.021133
91.853082
96.801487
93.978711
95.048281
88.389785
90.290731
85.820084
99.125591
96.940839
98.641566
99.541801
100.384038
85.494267
100.774060
93.585336
95.931320
92.869367
94.327630
95.965240
91.069767
95.721158
97.190871
99.171112
97.412941
93.015019
83.604434
100.027939
91.027576
95.948171
84.028882
90.380615
91.212255
99.037259
88.718766
79.683945
100.131900
95.138341
96.989772
95.237206
85.097903
96.588743
85.299940
94.073064
87.583486
89.595676
94.459645
93.435103
95.840078
92.550938
81.582993
16.660024
88.373589
91.264941
95.850096
88.419697
94.639076
96.424771
97.478263
94.180790
91.630788
94.227834
91.354762
91.444684
92.853243
97.058553
93.680267
88.581230
89.415471
82.656201
82.991168
84.434663
90.235798
86.369439
95.289963
96.002087
92.234515
100.879806
86.355295
96.090818
96.031020
92.442900
93.719454
99.768778
91.204456
90.916445
90.382927
98.463530
94.615321
87.014524
98.228331
90.853912
0
85.171039
93.423096
95.171962
91.020057
93.407701
97.709207
94.508294
97.245964
92.935585
97.358527
98.845149
97.806312
98.217478
98.259934
94.989611
92.377655
87.402930
97.414685
87.821348
89.848487
93.059951
88.747339
99.210002
97.669640
89.001119
93.502816
84.101362
87.954716
94.723765
90.615475
98.609343
94.441851
95.181605
89.245575
82.596113
94.393698
97.772124
87.279633
88.517191
93.984100
96.469777
88.076803
85.169811
95.436421
96.405223
97.068762
97.591369
94.359293
88.737469
91.322877
95.564639
94.349784
101.009176
92.927045
96.804364
96.739210
97.641518
94.443259
92.185508
95.704635
79.831604
89.966471
91.328123
91.921384
97.038904
89.336095
87.181543
97.959734
86.897374
86.763771
95.139986
93.896391
85.042388
95.515493
96.802976
93.395239
79.498565
0
90.312993
94.875351
95.981038
101.716041
97.498960
95.801260
96.155195
92.492521
97.785039
98.343070
96.292438
92.455615
92.580888
91.429980
91.937654
88.239708
95.861843
98.317650
96.500001
96.570906
95.823529
94.277139
95.602297
97.882903
96.199771
99.019102
95.945899
93.309348
96.222545
94.227386
99.008786
97.572252
96.330729
95.475637
99.500265
92.864022
97.637518
101.072431
97.311905
90.652129
101.297808
94.397961
99.032695
97.503516
95.338135
93.190506
98.360181
97.206940
99.354481
92.718542
93.960109
97.362810
97.830020
97.344274
97.861537
96.180918
97.799813
97.336087
92.566665
94.852382
94.794380
97.495086
90.711565
99.292436
93.265224
96.743743
101.226570
94.100372
95.774722
99.344197
98.582618
96.008647
98.124582
97.156224
97.212032
100.465446
101.472538
99.683373
99.364556
97.069664
98.347289
99.990363
99.563507
92.524680
99.674002
90.379146
95.907280
97.170705
98.922315
97.173718
87.882077
95.792293
101.810189
96.001515
95.482654
96.692222
100.221692
100.346523
97.368234
98.607355
97.240440
95.476671
90.531811
94.607709
97.151466
97.764851
100.545499
101.756569
89.620803
101.315882
94.954306
96.809037
97.358484
102.339733
94.273987
94.759451
102.866179
94.933452
92.055614
92.836751
95.010915
91.598675
98.404575
94.437113
93.366190
94.939178
100.099471
97.377723
99.391847
98.060242
98.242053
97.421566
96.457526
95.326687
92.929785
99.090764
97.691472
96.292511
98.642788
95.116753
98.729375
96.021580
97.899437
97.522629
97.324847
98.987830
96.332515
95.790818
100.107269
92.779810
100.966462
87.503903
84.572801
98.711400
95.907394
97.418888
90.375179
95.001116
93.395309
101.633898
99.404668
98.751797
96.557854
99.255473
98.921526
102.745499
96.730933
95.176947
99.923174
95.513145
98.081858
99.536823
97.514638
97.581308
97.273930
88.893643
94.502278
92.475448
91.857611
87.482865
95.313433
98.606309
95.398668
94.244294
94.351664
88.629665
90.138135
102.321499
97.137467
92.253591
101.612836
92.311466
96.706443
98.348502
96.158088
98.356035
99.139832
100.600067
93.824621
99.985860
93.493597
95.711694
86.608430
94.244660
98.140109
99.210756
99.595389
100.666486
96.036872
88.360409
99.753233
95.819583
96.151060
89.146205
97.334675
92.846764
99.026224
16.660024
88.649388
92.258406
97.742576
89.135296
90.849392
94.291685
97.599987
98.794229
84.536275
95.680238
91.536421
98.026792
93.820954
94.762399
96.284744
92.227331
91.493151
95.781662
99.446144
94.073064
88.811280
89.595676
94.205567
95.704472
102.514576
100.813623
95.087074
93.603940
98.395898
98.458513
94.850337
97.464423
92.927804
98.579140
95.937187
79.300973
99.717863
96.955190
99.439862
92.856889
97.306814
98.709907
94.576788
97.917433
99.264095
97.156390
93.174259
98.547998
100.069368
94.610925
86.124497
91.581129
101.260743
95.779284
96.518506
93.423096
96.559754
93.974335
97.042876
82.832868
91.295765
100.216819
97.297875
98.889015
89.649534
97.647153
98.696430
87.769595
97.189096
92.086371
93.878904
94.085215
91.469118
94.584815
91.085775
99.221417
92.495722
90.660282
98.348331
97.609089
98.516073
95.564639
81.656032
92.143941
76.635311
92.927045
95.963676
99.937788
99.697461
96.845471
NaN
NaN
